.Random.seed <-
c(403L, 464L, -700245459L, -581099046L, -1135666378L, 1866845009L, 
1426165342L, -471621863L, 353953399L, -1406302856L, -1870091905L, 
-1526549912L, 794629636L, 1673476863L, -209925244L, -1146543837L, 
-1900625951L, 2128489226L, -520043935L, -722439890L, -37071758L, 
-312463731L, -404917238L, 1946256845L, -257583245L, -1144797580L, 
1759618667L, -1377344492L, 369756120L, -1651546717L, 2103938344L, 
741438911L, 1344786357L, -1728693250L, 2093106933L, -438073150L, 
-137907250L, 286106537L, -913986282L, -1410251791L, -498120801L, 
-998800480L, 861311927L, 694023040L, -794701892L, 895476775L, 
2114866668L, -1196278661L, 1732696217L, -2054326574L, 149565369L, 
-412447002L, 2012684474L, -1060430347L, 1545817330L, -86299467L, 
-664977493L, 422551052L, -854662733L, 517675721L, -2054982419L, 
67346539L, 2116223426L, -675936296L, 1326457906L, -2125116212L, 
1571964217L, -664050309L, -723782633L, -131445635L, -727570784L, 
1105860386L, -1266757612L, -642862898L, 2110034655L, 411077573L, 
1953022417L, -1589559673L, -1334981042L, 112457156L, 1949289638L, 
-1795565192L, 1508482573L, 152918247L, -412019765L, -382788695L, 
1620791100L, 1547840990L, -1289946920L, -1173161142L, -842554829L, 
-2142936639L, 1656974133L, 1214946867L, 1180955210L, 1245884960L, 
883124218L, -1637711292L, 1764103697L, -64008077L, -1102763489L, 
334299125L, -322604776L, -1918681670L, -805724820L, -340099194L, 
-620894105L, -2098588323L, 64259897L, 181798831L, -1750830026L, 
-836475764L, 825768846L, 1088493040L, -163327547L, 276456351L, 
-170496653L, -1516490079L, -1327576748L, 537051382L, 53977776L, 
-676208926L, -2100686693L, 1314350457L, -85349411L, 1794968859L, 
1202962962L, 202774920L, 771102498L, 711711836L, 984555145L, 
-244878197L, 2002671143L, -1100058355L, -1507939984L, -1849915406L, 
-848427740L, 337266878L, -547613713L, 1743125109L, 760995489L, 
-1844213801L, -120450626L, -1442836044L, -582283114L, -1735007000L, 
1860148637L, -1028459177L, -740164773L, 1177530457L, -1286960596L, 
-272897106L, 4474472L, -731914886L, 958695811L, -1653092047L, 
340749733L, 1325591459L, -277824486L, 45150224L, 1321203178L, 
1864323732L, 1718511265L, 15324483L, 335123951L, 2024600901L, 
1131996520L, -2076816118L, -725897476L, -1153636042L, -1546215945L, 
1130668301L, 1217044681L, 1400799359L, -1757931098L, 1083434812L, 
-858426818L, -762866144L, 1895517781L, 394605967L, -1663471549L, 
-1465681775L, 130715652L, -282498426L, 1174503808L, -530061742L, 
-509091669L, -574011223L, 739016461L, 1690941195L, 638907298L, 
1784257720L, -741574958L, 404158636L, 1730668185L, -701566053L, 
-586080969L, 1709822301L, 5102080L, -655928190L, -526799820L, 
1008014190L, -1749158785L, 267824037L, -391005007L, 1488721255L, 
-505548114L, -1675818844L, -80205946L, 971835736L, 182901997L, 
-1033649401L, -300799765L, 1477968969L, 387563356L, 1353940222L, 
-73611400L, -1827572822L, -1769007405L, 827434657L, 2061040341L, 
184904339L, -2142876566L, -1259004992L, -2138275238L, -1133542748L, 
-125420559L, 664799123L, -179683329L, -1581498539L, -955513608L, 
-1335855078L, 1088579788L, 1384570790L, -1303313337L, 1556913405L, 
-2115932903L, -1827104945L, -1796010282L, 1735591404L, 184069742L, 
-1708395312L, -1698487067L, -708998721L, 2130298003L, -1581601983L, 
-1677532300L, -1875575210L, -1364299184L, -1395322110L, 825629115L, 
-1083743271L, -1431759363L, 597705915L, -2012925582L, 1442403560L, 
-1100168638L, 171977916L, 883837801L, 214722347L, -1032958905L, 
1792255597L, -2095159472L, -64820910L, 750390980L, -1370626338L, 
-457512305L, -1224284075L, -74444927L, 472020279L, 982410654L, 
-818155244L, 1774137462L, 1718939208L, -2116757507L, 1040483831L, 
-860563589L, 543715065L, -1110353204L, 1365400910L, -1246370168L, 
1904334938L, -1797346013L, -604036079L, 1133053893L, -1730581885L, 
519316751L, -447281827L, 1278772122L, 429717014L, -1107940930L, 
722354892L, -74266347L, 155013569L, -534412903L, -1042707269L, 
-357867840L, -1603748232L, 211202300L, -1875191746L, -500567761L, 
1650860239L, 1467694491L, 101291257L, -270362250L, -1568123526L, 
392614114L, 2106846424L, -268571007L, 982646925L, 1258279773L, 
-1187191857L, -1209007756L, 1934782932L, 1547611176L, -474876142L, 
-1706312029L, -771352189L, -1323828377L, 1110869413L, 748959730L, 
1640945470L, 1010690134L, 1402411748L, -1796001795L, 1554354985L, 
-1944251295L, -1552699005L, 1369399736L, -1294448528L, -41529884L, 
-840061402L, -517337913L, -1606015481L, -522449469L, 487753585L, 
501975742L, -2092871886L, -969987062L, 1340574400L, 632769273L, 
-1556322555L, 1874678933L, -568967577L, -980453316L, -378987844L, 
396042688L, 1264034090L, -880842837L, -378131413L, 1500042719L, 
-1680452563L, 1539398346L, 1362524614L, 1649783886L, 1849048188L, 
1247310309L, 322239217L, -1611892567L, 1526532235L, -1971965168L, 
-213919544L, -1952602644L, -586549074L, 675097695L, -697222241L, 
1106966987L, 356903369L, -1482656634L, -308440150L, -1150347982L, 
-26885816L, -1010314639L, 607519357L, -134083507L, -1033404737L, 
424980996L, -1226023452L, -201959080L, 856208962L, -168736205L, 
844293139L, -1134436393L, 1073186901L, 1991942850L, -1381086962L, 
101392198L, 842476724L, 655938157L, 850108985L, 1491512081L, 
952044723L, 579571944L, 1847907232L, -1612481100L, -2012675978L, 
-113861225L, -247497609L, 1322556627L, 373855585L, 264417518L, 
-1723482366L, 990935866L, -403481072L, -1534968759L, 465017429L, 
95199269L, -85673801L, -880714900L, 1753133932L, -1592778736L, 
1060355578L, -2070012517L, -153766245L, -2046534097L, 1538604157L, 
868962746L, 513733366L, 1660389790L, -1607146132L, 270601525L, 
1146597793L, -549380807L, -278132517L, 511013216L, 1966412056L, 
-626239012L, -943167586L, 913829455L, -1034626641L, 653096955L, 
-997653415L, 891803606L, -779074726L, -718922942L, -1480665864L, 
2038230689L, 358720173L, -1050523779L, -700464465L, 1767571156L, 
251043572L, 981773000L, -1049460942L, -829982973L, -1003087453L, 
843429575L, 1097987717L, 1921115730L, -327602146L, -1780559946L, 
-1372055996L, -1002573155L, -470642743L, 2094036609L, 593126L, 
344713073L, -609728904L, -520859211L, -175148538L, -1823036689L, 
-505004150L, 1168973393L, 248957350L, 1796643881L, -1789099876L, 
1940918653L, -325389654L, 460603535L, -1960621338L, -316705635L, 
-224657930L, 613773553L, -581154200L, -1941957795L, 1080796574L, 
382244655L, 1749001658L, -1524516127L, 821414190L, -1330262687L, 
-1422369524L, 1721624189L, 700030770L, -1553839849L, 153310102L, 
538229213L, 568052230L, -2124882895L, -164803288L, -2122179307L, 
-1979158714L, 260516687L, -1861360214L, -2142258591L, 1414799734L, 
-724425143L, 845014204L, -1930475155L, -1369923894L, -1986605601L, 
-1729508362L, 1035453645L, 500591910L, -244442239L, -742164376L, 
179265853L, 1774231902L, -1902837697L, -527417462L, -1904339263L, 
-2146435746L, 556699649L, 381531785L, -1043283440L, -1075959486L, 
-1114464539L, -427698231L, 2185586L, 1071917116L, -2012076203L, 
-59217367L, -1291367644L, 1829443098L, 498004705L, 1548832801L, 
-672153662L, 1104688160L, -1851002183L, 779207585L, 636679160L, 
199420386L, 1468812437L, 545023409L, 199005578L, 736400884L, 
-1596785235L, 992237073L, -1762855916L, 1421603722L, -1975463991L, 
1501318969L, -356619878L, 374257696L, 610460137L, -1888920759L, 
520606560L, -237069422L, -1512327803L, 1972684025L, 1195775970L, 
778932684L, -1987780219L, -890346263L, -481078892L, -1397626358L, 
614063985L, -2054866575L, -1633365822L, 1818336608L, 645574889L, 
-2060131855L, 2096271032L, -1238841774L, 1266547701L, -985644879L, 
1616820618L, -254169996L, 636718861L, 347824545L, -1968744636L, 
935834394L, 1225361865L, 776985945L, 1515177898L, 1704489344L, 
1343279321L, 1426755721L, -1373024656L, -255897310L, -2105427739L, 
17969417L, 1198741970L, -1084927268L, -409261643L, -492703159L, 
467056068L, 183933562L, 2078899553L, -1605866943L, -1355509086L, 
-1303018432L, 641657049L, 1837270881L, 2132005496L, 1051533730L, 
